<?xml version="1.0"?>
<opencv_storage>
<source>"./calibrate.py -cbx 9 -cby 6 -cbw 22 -cp ./data/calibration/"</source>
<description>"camera matrices K for left and right, distortion coefficients for left and right, 3D rotation matrix R, 3D translation vector T, Essential matrix E, Fundamental matrix F, disparity to depth projection matrix Q"</description>
<K_l type_id="opencv-matrix">
  <rows>3</rows>
  <cols>3</cols>
  <dt>d</dt>
  <data>
    1.2829412893203014e+03 0. 4.7009096203901100e+02 0.
    1.2781854488014019e+03 3.0194529001707929e+02 0. 0. 1.</data></K_l>
<K_r type_id="opencv-matrix">
  <rows>3</rows>
  <cols>3</cols>
  <dt>d</dt>
  <data>
    1.2058290009107420e+03 0. 5.1367293158292341e+02 0.
    1.1996575795540518e+03 3.1824358264280085e+02 0. 0. 1.</data></K_r>
<distort_l type_id="opencv-matrix">
  <rows>1</rows>
  <cols>5</cols>
  <dt>d</dt>
  <data>
    -7.3830614226997160e-02 6.5114914610980812e-01
    -2.1173187820689564e-03 3.5645372344154263e-03
    -7.9475803911372433e-01</data></distort_l>
<distort_r type_id="opencv-matrix">
  <rows>1</rows>
  <cols>5</cols>
  <dt>d</dt>
  <data>
    -1.4146603010311071e-01 1.3799293718527572e+00
    -1.4780129841914793e-03 8.4395606410301149e-03
    -3.7685805290212833e+00</data></distort_r>
<R type_id="opencv-matrix">
  <rows>3</rows>
  <cols>3</cols>
  <dt>d</dt>
  <data>
    9.9991937912679174e-01 6.7610831362946580e-03 1.0748162704182085e-02
    -6.7560238378021305e-03 9.9997704930737619e-01
    -5.0695208500731019e-04 -1.0751343571596440e-02
    4.3429637064552727e-04 9.9994210832331087e-01</data></R>
<T type_id="opencv-matrix">
  <rows>3</rows>
  <cols>1</cols>
  <dt>d</dt>
  <data>
    -8.9118706283079618e+01 7.1429332495673039e+00
    -6.0095004818720795e+01</data></T>
<E type_id="opencv-matrix">
  <rows>3</rows>
  <cols>3</cols>
  <dt>d</dt>
  <data>
    -4.8279941456318953e-01 6.0096727746723026e+01
    7.1120544451936327e+00 -6.1048305736862439e+01
    -3.6760339296003319e-01 8.8467636162248311e+01
    -6.5402692760088827e+00 -8.9164954912582004e+01
    -3.1594494788100148e-02</data></E>
<F type_id="opencv-matrix">
  <rows>3</rows>
  <cols>3</cols>
  <dt>d</dt>
  <data>
    1.0216312400925001e-07 -1.2764128522766973e-05
    1.8752781173063937e-03 1.2984626679518991e-05 7.8478063274965913e-08
    -3.0268196018673917e-02 -2.5159352809941736e-03
    2.9367624152093721e-02 1.</data></F>
<Q type_id="opencv-matrix">
  <rows>4</rows>
  <cols>4</cols>
  <dt>d</dt>
  <data>
    1. 0. 0. 5.3510479736328125e+02 0. 1. 0. -2.8302223014831543e+02 0.
    0. 0. 1.2389215141777267e+03 0. 0. 9.2829365465770738e-03 0.</data></Q>
</opencv_storage>
