<?xml version="1.0"?>
<opencv_storage>
<source>"/home/lawny/dev/compute/vision/vslam/scripts/calibrate.py -cbx 9 -cby 6 -cbw 22 -cp ./data/calibration/ -i 200"</source>
<description>"camera matrices K for left and right, distortion coefficients for left and right, 3D rotation matrix R, 3D translation vector T, Essential matrix E, Fundamental matrix F, disparity to depth projection matrix Q"</description>
<K_l type_id="opencv-matrix">
  <rows>3</rows>
  <cols>3</cols>
  <dt>d</dt>
  <data>
    8.9085762069495615e+02 0. 4.8667420172658245e+02 0.
    8.8799544432483594e+02 2.1798991817250914e+02 0. 0. 1.</data></K_l>
<K_r type_id="opencv-matrix">
  <rows>3</rows>
  <cols>3</cols>
  <dt>d</dt>
  <data>
    8.9176431687952129e+02 0. 4.8424074659407330e+02 0.
    8.8654149042921870e+02 2.3003511476449947e+02 0. 0. 1.</data></K_r>
<distort_l type_id="opencv-matrix">
  <rows>1</rows>
  <cols>5</cols>
  <dt>d</dt>
  <data>
    -1.1446644453570803e-01 8.6680416536748295e-01
    1.4325661497857458e-03 1.4261740235426853e-03
    -1.9218125953654013e+00</data></distort_l>
<distort_r type_id="opencv-matrix">
  <rows>1</rows>
  <cols>5</cols>
  <dt>d</dt>
  <data>
    -1.5984405126979040e-01 1.4054171841969985e+00
    7.8252427229269972e-04 -2.9788144639772466e-03
    -3.9278365922565488e+00</data></distort_r>
<R type_id="opencv-matrix">
  <rows>3</rows>
  <cols>3</cols>
  <dt>d</dt>
  <data>
    9.9976813981814550e-01 -6.1442601061819334e-03
    2.0637700267054832e-02 6.0602837466204864e-03 9.9997311115389298e-01
    4.1291561019825996e-03 -2.0662515952217957e-02
    -4.0031283956018402e-03 9.9977849316614764e-01</data></R>
<T type_id="opencv-matrix">
  <rows>3</rows>
  <cols>1</cols>
  <dt>d</dt>
  <data>
    -5.9398070208574865e+01 2.0761781339002363e+00
    4.4029060019856897e-01</data></T>
<E type_id="opencv-matrix">
  <rows>3</rows>
  <cols>3</cols>
  <dt>d</dt>
  <data>
    -4.5567349779532910e-02 -4.4858996893452152e-01
    2.0739002176368269e+00 -7.8712505887570217e-01
    -2.4048336146582472e-01 5.9393999715543323e+01
    -2.4356659103261968e+00 -5.9383716484524520e+01
    -2.8811144607617406e-01</data></E>
<F type_id="opencv-matrix">
  <rows>3</rows>
  <cols>3</cols>
  <dt>d</dt>
  <data>
    5.1337162683224727e-08 5.0702014069320803e-07
    -2.2169993664056722e-03 8.9201643369193676e-07
    2.7340831115297359e-07 -6.0456257156524064e-02
    2.2170125745842339e-03 5.9545578235218388e-02 9.9999999999999989e-01</data></F>
<Q type_id="opencv-matrix">
  <rows>4</rows>
  <cols>4</cols>
  <dt>d</dt>
  <data>
    1. 0. 0. -4.9443593215942383e+02 0. 1. 0. -2.3923884391784668e+02 0.
    0. 0. 8.8726846737702726e+02 0. 0. 1.6824827070919326e-02 0.</data></Q>
</opencv_storage>
